1 16 2.2
1 20 34.4
2 1 66.2
2 5 63.9
2 8 64.6
2 11 27.6
2 14 55.9
2 20 80.3
3 4 59.5
3 6 29.5
3 17 83.4
3 23 37
3 24 0.2
4 1 96.4
5 10 45.8
5 17 66.3
5 25 62.5
6 1 47.9
6 8 6
6 22 4.5
7 10 75.6
7 12 0.1
7 18 74.6
8 7 69.9
9 17 76.1
10 1 52.3
11 3 32.4
11 13 98.3
11 22 61.2
11 23 69.6
12 5 91.8
12 16 90
12 22 16.6
13 9 59.9
13 17 44
13 19 59
14 9 98.2
14 13 18.8
14 15 78.1
14 22 77
14 23 97.8
14 24 49
15 16 91.5
15 23 7.4
16 10 21
16 19 67.7
16 20 49.4
16 22 3.2
17 8 8.2
18 6 1.3
18 12 17.6
19 8 90.1
19 17 60.5
19 18 37
19 20 56.6
20 12 72.8
20 15 49.2
20 18 84.2
21 13 24
21 18 33.9
23 9 92.8
24 8 18
24 9 2.7
24 18 53.3
25 7 20.6
25 13 90.3
25 20 68.7