1 3 27.3
1 4 63
1 6 46
1 7 47.1
1 9 18
1 10 28.2
1 15 60.1
2 3 18.7
2 4 60.2
2 8 98.1
2 9 21
2 11 50.6
3 4 5.3
3 5 26.4
3 7 92.6
3 8 29.7
3 9 25
3 13 19.4
3 15 96.1
4 8 25
4 9 22.4
4 11 37.2
4 12 96
4 13 94.1
5 2 46.6
5 4 1.9
5 7 12.4
5 8 46.8
5 10 25.9
5 13 83.3
5 15 52.3
6 3 40.4
6 4 8.2
6 5 91.5
6 8 85.5
6 10 43.4
6 12 49
6 13 27.5
6 15 16.5
7 4 94
7 9 53.2
7 11 66.7
7 12 16.6
7 14 49.5
8 7 25.6
8 12 83.5
8 14 80.7
8 15 98.1
9 5 84.1
9 11 95.1
9 12 84
9 13 22.2
9 15 41.8
10 3 87.1
10 4 74.2
10 7 2.4
10 9 43.6
10 11 40.7
10 14 19.6
11 5 27.1
11 12 83.4
11 13 80.8
11 14 15.5
11 15 35.6
12 5 14.3
12 10 1
12 14 92.9
12 15 88.4
13 1 81.9
13 2 40
13 8 33.1
13 10 27.7
13 12 96.9
14 5 79.7
14 13 56.1
14 15 75.1
15 2 40.1
15 10 99.4