1 5 13.7
1 8 30.2
1 16 50.2
1 21 11.6
1 22 30.5
1 23 3.3
1 29 0.3
1 33 49.3
1 39 45.8
1 41 56.3
1 44 28.5
1 45 3
1 49 67.1
1 52 38.6
1 55 42.8
1 61 73.6
1 65 42.2
1 75 62
1 79 5.5
1 85 1
1 89 89
1 94 39
1 95 25.1
1 99 65.5
2 1 77.7
2 4 62.6
2 8 88.1
2 16 49.7
2 17 21.6
2 20 34.4
2 22 68.9
2 25 59.3
2 27 45.2
2 33 8
2 36 15.4
2 39 80.3
2 43 11.3
2 46 2.2
2 53 15.1
2 54 47
2 55 98.3
2 56 51.5
2 59 62.1
2 63 5.4
2 75 14.7
2 77 20.4
2 79 64.5
2 80 82.5
2 81 56.1
2 86 95.5
2 100 40.6
3 4 1.5
3 8 88.4
3 13 61.5
3 14 22.8
3 20 62.6
3 34 93
3 36 4.5
3 40 0.6
3 42 85
3 43 2
3 48 44.4
3 49 23.9
3 50 86.1
3 58 11.7
3 66 44.6
3 69 24.2
3 71 8
3 72 96.9
3 80 78
3 82 47.6
3 87 18.2
3 91 89.2
3 94 72.8
3 97 71.8
4 8 94.2
4 9 3.8
4 10 95.3
4 13 9.8
4 15 17.2
4 20 6.3
4 24 35.4
4 36 19.5
4 37 43.7
4 38 98.5
4 49 51.9
4 51 53.8
4 55 44.8
4 56 36.2
4 58 92.3
4 61 31.3
4 64 97.3
4 67 9.4
4 71 3.9
4 80 10.3
4 82 13
4 85 86.3
4 87 40.6
4 88 72.2
4 94 81.3
4 95 33
4 100 48.7
5 4 45.3
5 6 66.6
5 13 10.4
5 14 66
5 16 45.4
5 17 58
5 19 62.3
5 24 93.9
5 26 63.8
5 29 3.7
5 36 23.1
5 46 10.8
5 48 12.3
5 56 92.4
5 57 64.9
5 63 22.7
5 65 92.8
5 69 30.3
5 75 64.1
5 76 8
5 80 48.2
5 87 13.3
5 90 43.8
5 91 85.7
5 94 98.8
5 98 58.7
5 99 69.2
6 15 4.8
6 22 54.1
6 24 7.2
6 25 60.7
6 30 5.6
6 37 68.2
6 50 68.9
6 57 65.2
6 59 24.5
6 62 86.8
6 66 41.5
6 70 64.3
6 72 15.8
6 73 23.9
6 84 46.7
6 85 15.1
6 90 11.8
6 95 71.5
6 99 25.8
6 100 83.3
7 3 0.5
7 6 57.1
7 12 58.7
7 13 42.3
7 14 96.3
7 17 4.9
7 18 62.7
7 21 65.5
7 22 97.6
7 23 28.9
7 29 43.6
7 30 28.9
7 33 38.5
7 36 94.5
7 41 97.4
7 48 37.3
7 56 46.5
7 60 43.1
7 63 21.5
7 77 52.4
7 82 36.1
7 83 17.4
7 84 5.7
7 89 91.5
8 6 46
8 7 8.3
8 10 89.3
8 12 51.2
8 15 85.9
8 18 35.8
8 35 72.8
8 41 11.2
8 47 50.5
8 50 54.6
8 57 1.1
8 59 17.4
8 61 81
8 64 75.8
8 69 24
8 71 88.9
8 76 72
8 82 69.4
8 83 32.4
8 91 12.4
8 95 20.1
8 96 54.2
8 99 83.1
9 8 11.7
9 11 11.1
9 13 3.8
9 15 60.9
9 22 25.8
9 27 11.4
9 28 5.6
9 38 52.9
9 43 97.5
9 45 57.1
9 51 95.8
9 55 17.2
9 65 29.2
9 66 76.3
9 67 40.5
9 70 11.1
9 80 0.5
9 88 38
9 92 25.9
9 98 66.2
10 9 93.6
10 19 93.4
10 20 59.9
10 27 63.9
10 29 19.6
10 46 48.7
10 48 74.2
10 51 38.1
10 57 71
10 61 29
10 63 53
10 67 45.5
10 75 52.9
10 79 61
10 80 77.8
10 82 59.7
10 86 81.3
10 93 11.5
10 99 77.3
11 1 47.4
11 2 81.5
11 16 55.2
11 24 94.4
11 25 52.6
11 26 23.9
11 31 89.7
11 33 78.8
11 45 48.1
11 52 84.8
11 58 65.9
11 59 83.9
11 62 93.8
11 63 41.4
11 65 31
11 72 34.8
11 75 72.6
11 78 27
11 87 6.8
11 94 16.7
11 100 68.8
12 5 59.5
12 6 63.2
12 9 48.7
12 13 3.2
12 16 13
12 21 59.7
12 28 80.6
12 32 56.4
12 36 10.8
12 42 67.2
12 48 18.7
12 51 90.8
12 52 97.1
12 53 13.1
12 59 41.5
12 61 72.8
12 65 61.4
12 68 90.5
12 69 10.1
12 77 72.2
12 93 5.7
12 95 54.7
12 98 21.3
12 99 16.4
13 14 1
13 15 16.7
13 16 45.2
13 19 56.9
13 20 40.5
13 30 92.3
13 32 52.9
13 36 78.8
13 38 13.2
13 39 57.4
13 40 18.7
13 51 25.7
13 55 14.4
13 56 16.9
13 59 77.1
13 63 40
13 64 1.4
13 66 2
13 75 72
13 83 72.2
13 85 72.2
13 86 96.6
13 91 6.7
13 95 32.8
13 98 41.6
14 1 96.9
14 6 87.9
14 19 75.6
14 20 82.8
14 23 92.5
14 24 37.8
14 34 55.4
14 35 60.9
14 36 98.9
14 37 55.4
14 38 85.9
14 41 78.7
14 46 12.7
14 50 13.8
14 53 18.8
14 55 42.5
14 56 55.6
14 57 29.7
14 63 80.2
14 64 59.4
14 65 99.7
14 68 3.7
14 75 25.9
14 79 92.8
14 80 56.7
14 82 55.2
14 83 83.1
14 84 30.4
14 87 88.4
14 94 73.7
14 95 63.2
14 99 74.6
15 7 87.2
15 11 51.3
15 14 19
15 18 88.8
15 21 57.5
15 24 92.1
15 33 7.7
15 37 27.6
15 40 21.6
15 49 85.2
15 74 20.3
15 75 71.5
15 77 79.3
15 79 75.8
15 81 90.3
15 83 85.1
15 86 67.6
15 87 57.3
15 89 73.3
16 7 48.2
16 17 20.6
16 18 62.4
16 25 36.8
16 26 1.5
16 29 6.1
16 34 81.5
16 36 62.5
16 37 2.1
16 39 11.2
16 41 40.5
16 42 18
16 44 16.8
16 47 99.2
16 50 91.7
16 69 39.3
16 73 63.4
16 74 52.6
16 75 35
16 79 92.5
16 80 27.1
16 81 53.5
16 84 89.7
16 90 71.7
16 92 87
16 94 35.1
16 95 98.8
16 98 49
16 100 9.1
17 12 86.9
17 15 78.6
17 18 80.9
17 22 93.8
17 30 52.7
17 37 86.1
17 42 18.8
17 45 17.8
17 54 95
17 56 14.1
17 59 44.7
17 60 55.1
17 61 86.8
17 65 92.6
17 70 43.8
17 77 37.2
17 78 13.6
17 88 57.2
17 90 67.8
17 93 32.5
17 95 50.8
17 100 42.4
18 22 61.9
18 24 28.8
18 28 56.4
18 29 99
18 30 90.1
18 35 23.7
18 51 73.2
18 56 54.4
18 62 48
18 64 53.1
18 66 63.3
18 80 79.8
18 81 96.6
18 82 95.9
18 83 25
18 86 47
18 89 27
18 92 41.7
18 98 1.2
19 6 38.7
19 7 86.5
19 8 29.6
19 9 46.8
19 25 54.6
19 27 69.4
19 29 64.1
19 31 15
19 32 39.4
19 36 31.2
19 46 89.9
19 53 25.6
19 56 95.8
19 59 74.2
19 60 70.8
19 74 49
19 81 59.7
19 83 83.1
19 92 67.8
19 98 21.6
19 100 19.9
20 5 41.9
20 7 26.1
20 15 19.7
20 16 40.8
20 17 33.5
20 21 73.2
20 24 35
20 30 70
20 42 91
20 52 78.3
20 53 69
20 54 82.3
20 56 77
20 59 88.8
20 60 26.6
20 61 99.9
20 63 93.2
20 64 23.9
20 69 96.1
20 73 35.9
20 78 47.8
20 79 41.2
20 80 12.7
20 82 94.9
20 86 29.4
20 90 31.4
20 94 83.3
20 97 20.9
21 4 80.3
21 9 94.2
21 16 1
21 22 15.2
21 25 13
21 27 57.7
21 29 95.7
21 32 52.3
21 36 93.4
21 37 83.5
21 41 82.7
21 55 63.1
21 56 90.5
21 62 22.1
21 63 28.8
21 64 48.6
21 68 93.8
21 72 71.8
21 74 69.7
21 75 46.2
21 79 27
21 80 31.2
21 92 77.5
21 97 26
22 3 94.2
22 4 42.7
22 5 67.4
22 12 76.2
22 15 34.5
22 20 82.6
22 24 26.9
22 29 22.3
22 43 95.6
22 45 95.2
22 47 48.3
22 55 46.4
22 62 6.3
22 63 95.8
22 64 74.8
22 65 92.8
22 72 68.7
22 75 27.6
22 80 35.6
22 82 30.4
22 85 71.4
22 94 44.1
22 97 2.3
22 98 12.3
23 2 9.9
23 3 6.2
23 12 29.5
23 25 90.3
23 26 14.1
23 29 66.1
23 30 11.9
23 32 86.4
23 33 4.7
23 38 58.8
23 40 94.2
23 41 9.9
23 44 28.6
23 45 70
23 46 80
23 48 25
23 51 78.8
23 54 52.5
23 59 24.9
23 60 36.7
23 61 25.5
23 70 91.2
23 71 52.8
23 82 7.5
23 84 30
23 91 57.2
23 95 44.2
23 99 44.1
24 2 75.8
24 3 40
24 8 83.8
24 13 16.2
24 19 45
24 26 75.6
24 30 45.3
24 36 73.5
24 40 23.6
24 41 18.9
24 43 12.4
24 44 52.7
24 46 77.5
24 48 30.7
24 57 40.1
24 59 58.8
24 61 95.1
24 64 44.1
24 65 67.4
24 68 1.8
24 70 77.5
24 71 2.2
24 75 96.9
24 78 75.5
24 81 15.9
24 86 94.8
25 5 20.1
25 8 8.2
25 9 70.8
25 27 65.3
25 30 10.5
25 34 52.1
25 36 80.9
25 39 45
25 40 52.5
25 41 98.3
25 42 29.8
25 44 27.8
25 50 2.4
25 52 9.5
25 54 41.7
25 56 69.6
25 58 58.8
25 59 30.9
25 68 68.3
25 92 96.6
25 94 93.7
26 3 99.7
26 8 89.9
26 9 10.3
26 10 15.9
26 17 94.5
26 34 68.7
26 36 28.1
26 38 93.2
26 40 59.3
26 42 9.9
26 46 31.5
26 50 85.6
26 56 41.1
26 57 2.4
26 58 57.9
26 62 94.7
26 64 47.6
26 73 58.8
26 74 94.7
26 78 22.1
26 86 65
26 90 3.7
26 91 2.7
26 94 76.1
27 11 51.4
27 26 95.5
27 34 2.4
27 38 46.7
27 43 61.1
27 53 4.6
27 57 14.2
27 76 23.6
27 78 57.1
27 80 36.3
27 84 70.2
27 88 13.5
27 92 42.2
27 94 67.4
27 95 92.3
27 96 78.2
27 97 6.6
28 1 31.6
28 7 98
28 8 45.8
28 11 71.3
28 22 97.1
28 30 19.2
28 32 62.9
28 39 98.5
28 42 30.9
28 46 87.5
28 50 58.4
28 74 32.1
28 78 37
28 87 48.6
28 99 50.5
29 2 5.8
29 9 81.2
29 13 71.3
29 15 40.6
29 25 10.8
29 27 93
29 28 55.4
29 34 41.3
29 37 71
29 41 31.6
29 42 57.1
29 47 70.6
29 48 76.1
29 50 81.1
29 55 95.7
29 69 90.2
29 70 64.2
29 74 35.7
29 79 32.3
29 93 5.6
29 95 96.8
29 97 67.7
29 100 87.5
30 3 99.4
30 5 10.8
30 9 24.2
30 10 6.9
30 12 88
30 22 37.4
30 31 37.2
30 41 80.2
30 42 40.6
30 52 55.7
30 55 24.5
30 57 17.9
30 71 51.3
30 72 76.1
30 78 38.7
30 80 7.9
30 82 88.2
30 91 56.8
30 92 31.1
30 99 60.7
31 7 51
31 13 64.2
31 24 15.4
31 26 40
31 27 46.2
31 39 56.3
31 40 39.4
31 48 60.8
31 56 55.9
31 65 80.2
31 66 78.3
31 71 10.1
31 74 95.8
31 75 82.5
31 79 72.8
31 86 80.4
31 90 58.8
31 91 39.9
31 92 98
31 94 68.6
31 96 8.6
31 97 7
31 99 18.9
31 100 84.1
32 1 44.1
32 3 7.9
32 6 49.7
32 15 77
32 22 91.5
32 25 36.8
32 27 47.9
32 30 10.3
32 31 82.2
32 33 43.4
32 35 6.5
32 38 8.2
32 39 71.1
32 40 73.4
32 41 20.1
32 47 90
32 48 97.2
32 53 85.4
32 54 73.5
32 55 10
32 69 79.1
32 80 36.5
32 84 53
32 89 80.9
32 92 24.5
32 100 53.6
33 9 21.4
33 18 94.4
33 21 55
33 22 29.3
33 24 56.2
33 26 18.2
33 27 81.1
33 29 90.5
33 38 16.5
33 45 43.3
33 53 53.7
33 54 80.5
33 62 22.5
33 64 28.4
33 72 83
33 78 36.5
33 79 98.7
33 85 83.4
33 87 99.3
33 88 57.9
33 89 61.7
33 91 69.7
33 93 2.1
33 95 14.8
33 96 51.5
33 99 38.5
34 1 89.2
34 8 45.7
34 17 77.3
34 20 69.7
34 21 50
34 36 14.1
34 40 22.5
34 41 71.4
34 44 45.9
34 45 74.8
34 52 81.6
34 57 13.1
34 65 58.5
34 67 35.8
34 71 1.8
34 77 69.9
34 86 35.5
34 90 11.9
34 92 68.9
34 97 62.8
35 13 21.3
35 17 2.8
35 19 43.4
35 22 99.4
35 24 13.5
35 26 25.7
35 28 42.6
35 29 66.6
35 33 6.3
35 51 76.2
35 54 88.3
35 56 52.6
35 63 93.9
35 70 42.4
35 74 13.1
35 75 72.7
35 79 91.5
35 84 34.3
36 6 37.4
36 8 45.2
36 10 24.5
36 11 17.3
36 22 35.5
36 39 54
36 48 9.7
36 51 21.6
36 55 99.4
36 56 60.7
36 63 50.4
36 68 87.8
36 73 9.1
36 84 21
36 85 48.1
36 87 16.9
36 88 61.3
36 89 51.9
36 90 53.3
36 92 11.3
36 93 83.2
36 95 15.1
37 2 19.5
37 3 28.2
37 11 18.6
37 12 91.2
37 22 76.9
37 28 88.3
37 32 32.2
37 33 97.1
37 35 12.1
37 36 59.9
37 39 74.2
37 42 28.7
37 44 42
37 54 33.1
37 61 5.8
37 62 14.4
37 72 65.6
37 73 38.7
37 74 35.1
37 75 82.4
37 79 86.6
37 82 22.7
37 84 2.1
37 85 50.7
37 86 39.2
37 93 29.3
37 97 7.5
37 100 96.4
38 1 7.2
38 11 98.6
38 15 51.7
38 21 6.7
38 25 15
38 37 40.9
38 40 73.6
38 44 16.6
38 47 56.4
38 54 68.9
38 58 63.7
38 60 27.3
38 69 78.3
38 73 80.1
38 75 86
38 81 93.3
38 84 15.6
38 87 58.3
38 92 23.6
38 93 19.8
38 94 46.6
38 98 9.1
39 3 11
39 4 53
39 14 14.4
39 17 31.7
39 19 96.4
39 24 37.9
39 38 33
39 49 59.2
39 56 6.9
39 62 13.1
39 63 31.3
39 65 62.9
39 67 72.5
39 68 17.5
39 70 37.7
39 71 2.5
39 74 16
39 79 46.1
39 81 21.7
39 85 45.7
39 89 43.1
39 91 12.1
39 94 44.9
39 99 64.3
40 4 4.1
40 11 48
40 14 7.7
40 18 3.9
40 28 38.4
40 41 39.4
40 42 67.1
40 46 65.2
40 50 77.6
40 54 54.5
40 56 20.5
40 64 15.9
40 65 29.5
40 68 85.3
40 70 76.7
40 75 35.5
40 77 1
40 80 0.2
40 85 40.3
40 86 78
40 88 46.4
41 3 82.5
41 5 37.2
41 9 20.1
41 11 55.3
41 15 61.4
41 18 8.4
41 27 27.7
41 33 44.1
41 39 8.2
41 57 2.3
41 60 13.3
41 63 67.3
41 68 85
41 71 79.6
41 72 92
41 81 87.2
41 83 33
41 84 37.6
41 85 58.5
41 93 6.5
42 2 4
42 9 66
42 15 92.7
42 18 46.4
42 19 14.7
42 21 39.3
42 22 46.1
42 33 72.8
42 43 27.4
42 45 51.2
42 47 60.1
42 48 92.1
42 52 63.6
42 58 73.9
42 60 10.1
42 68 65.9
42 70 99.9
42 75 12.7
42 79 21.7
42 81 26
42 87 48
42 89 79.8
42 90 59.7
42 91 96.8
42 95 55
42 99 83.5
43 7 61.2
43 12 53
43 15 87.7
43 25 93.4
43 30 70.5
43 35 58.2
43 36 81
43 38 28.5
43 39 71.4
43 46 37.3
43 47 8.2
43 48 3.6
43 49 18.2
43 54 73.9
43 58 97.3
43 62 68.8
43 63 46.2
43 68 68.2
43 69 69.9
43 70 87.8
43 73 14.8
43 83 98.2
43 94 46.7
43 98 4.5
43 100 35.6
44 2 40.4
44 5 12
44 8 26.2
44 10 79.2
44 14 67.9
44 26 29.5
44 35 86.5
44 39 37.7
44 57 9.1
44 60 80.7
44 72 80.2
44 74 18.3
44 86 84.7
44 100 33.6
45 2 6.9
45 3 58.5
45 20 38.7
45 24 22.7
45 25 54.4
45 28 83.4
45 35 32.9
45 36 61
45 38 69.1
45 43 31
45 44 67.9
45 48 17.6
45 49 95.3
45 50 93.2
45 54 64.3
45 64 47.9
45 80 10.9
45 82 61.2
45 84 31.9
45 85 31.8
45 89 39.4
45 92 12.8
45 100 77.9
46 3 67.8
46 11 87
46 16 76.4
46 25 75.3
46 29 27.7
46 31 90.3
46 32 48.7
46 35 76
46 39 39.3
46 42 60.9
46 45 83.8
46 48 35.7
46 50 39.2
46 51 12.6
46 53 33.6
46 56 2.1
46 59 40.2
46 63 35.7
46 64 43.3
46 66 21.3
46 81 87.8
46 85 73.2
46 86 24.6
46 91 63.5
46 97 98.4
46 98 1.2
47 1 75
47 9 54.2
47 13 93.4
47 20 81.8
47 25 73.7
47 31 89.4
47 44 63.2
47 45 24.8
47 46 91.3
47 48 11.9
47 55 20.3
47 58 16.6
47 60 42.5
47 66 53
47 71 84.5
47 77 37.5
47 81 72.8
47 82 18.6
47 83 20.4
47 92 87.9
47 93 6.3
47 98 13.5
47 100 65.5
48 1 64.4
48 8 32.2
48 9 15.8
48 11 18.1
48 18 67.4
48 22 89.5
48 26 7.2
48 38 69
48 49 22.9
48 53 96.8
48 56 30.2
48 58 68.4
48 67 47.1
48 85 83.2
48 93 57.3
48 99 78.2
49 7 79.9
49 9 32.3
49 19 33.8
49 20 71.1
49 23 12.5
49 27 21.6
49 28 93.7
49 32 55.8
49 33 43.2
49 38 18.8
49 41 22.9
49 44 73.8
49 57 18.7
49 59 61.1
49 65 33.9
49 69 28.6
49 79 16.3
49 85 33.1
49 91 16.6
49 100 36
50 5 16.2
50 7 32
50 17 30.4
50 20 49.3
50 37 10.5
50 42 99.3
50 47 72.8
50 48 30.5
50 54 13.5
50 62 14.6
50 66 93.8
50 68 77.9
50 70 91.8
50 84 45.8
50 86 18.9
50 87 33.3
50 89 43.8
50 92 5.3
51 3 55.3
51 19 88.4
51 20 5.3
51 22 56
51 26 71.5
51 28 85.8
51 29 50
51 37 84.4
51 39 27.2
51 42 64.9
51 43 71.9
51 48 72.9
51 49 10.5
51 54 42.6
51 56 80.8
51 61 89.1
51 65 23.6
51 79 30.7
51 80 73.6
51 86 43.7
51 88 17.9
51 91 55.1
51 97 2.1
51 99 37
52 8 39
52 9 41.8
52 14 63.7
52 16 38.6
52 22 84.6
52 23 95.8
52 26 96
52 28 29
52 36 93.2
52 39 47.8
52 40 50.3
52 43 36.6
52 46 23.3
52 48 85.8
52 56 13.1
52 61 92.2
52 70 78.1
52 71 4.2
52 76 63.1
52 77 55.1
52 84 73.5
52 85 65.2
52 86 21.3
52 87 16.8
52 88 96.2
52 93 21.2
53 9 28.2
53 22 60.7
53 24 70.3
53 26 41.5
53 29 66.6
53 36 50.7
53 38 15.8
53 41 51.2
53 44 14.6
53 45 46.6
53 58 98
53 61 72.9
53 63 55.9
53 67 15.1
53 70 15.1
53 78 66.3
53 80 13.1
53 84 20.8
53 86 73.4
53 94 54.5
53 98 42.5
54 1 0.6
54 5 67.8
54 6 21.9
54 8 22.2
54 10 56.4
54 11 75.4
54 15 23.8
54 27 78.5
54 28 48.7
54 29 32.4
54 53 31.6
54 64 89.8
54 67 77.7
54 68 7.1
54 70 73
54 73 65.6
54 80 14
54 82 70.3
54 86 50.6
54 88 19.6
54 93 70.9
54 95 74.9
54 97 59.1
54 99 73.9
55 10 5.8
55 17 54.7
55 27 2.5
55 31 93.7
55 41 73.4
55 42 92.5
55 59 34.5
55 62 0.2
55 71 91.4
55 75 31.1
55 77 16.8
55 79 59.8
55 80 38.3
55 82 81.8
55 84 94.7
55 85 48.5
55 89 1.1
55 91 40.2
56 1 12.5
56 11 22.7
56 23 4.4
56 29 81
56 42 87.8
56 43 93.5
56 45 92.9
56 50 33.4
56 53 17.2
56 57 28.2
56 69 8.7
56 73 88
56 77 12.1
56 89 64
56 90 43.1
57 1 52.3
57 2 1.2
57 13 80.4
57 15 8.8
57 19 80.8
57 21 74
57 23 85.4
57 29 34.1
57 42 92.2
57 48 56.7
57 53 53.8
57 58 34.7
57 64 75.5
57 65 7.7
57 67 47.2
57 72 63.3
57 73 18.6
57 81 39.6
57 83 40.6
57 85 86.5
57 88 22.9
57 91 33.8
58 2 40
58 8 55.9
58 9 90.9
58 14 29.4
58 17 79.2
58 20 99.2
58 35 12.3
58 39 56.6
58 50 42.1
58 55 9
58 56 22.5
58 59 46.3
58 63 42
58 65 64.5
58 85 36.1
58 86 2.4
58 92 42.5
58 93 26.6
58 94 42.9
58 98 1
59 4 96.7
59 5 31.5
59 14 19.2
59 15 52.5
59 16 77.3
59 28 99.1
59 30 29
59 35 81.1
59 37 0.8
59 38 60.3
59 40 7.5
59 41 84.8
59 42 53.8
59 44 79.6
59 56 93.9
59 64 50.3
59 72 26.5
59 86 51.3
59 94 52.8
59 97 64.7
60 9 51.8
60 11 62.3
60 26 49.2
60 30 50.5
60 34 99.5
60 35 42.5
60 40 43.9
60 45 39.1
60 49 95.6
60 52 37.7
60 56 85
60 59 43.4
60 62 6.7
60 67 18.2
60 69 61.1
60 73 37.6
60 77 39.1
60 80 85.1
60 81 56.6
60 94 5.9
60 95 100
60 97 54.2
60 99 9.5
60 100 51.8
61 3 93.7
61 9 35.2
61 25 45.8
61 27 75
61 29 46.9
61 30 17.6
61 40 93.3
61 41 60.6
61 43 36
61 44 38.1
61 49 64.1
61 56 21.9
61 58 56.9
61 65 82.5
61 66 98.3
61 79 71.1
61 80 29.1
61 83 10.6
61 85 59.6
61 90 32.7
61 92 79.8
61 93 67
62 4 5.7
62 5 87.1
62 20 35.3
62 30 10
62 40 57.7
62 41 56.7
62 44 82.9
62 48 17.6
62 49 30.4
62 56 11.6
62 58 87
62 59 49.8
62 61 70.7
62 73 64
62 75 60.9
62 76 32.5
62 81 76.7
62 87 22.3
62 88 91.7
62 89 56.8
62 92 36.7
62 93 94.3
62 94 44.2
62 98 98.9
63 6 97.7
63 18 76.7
63 19 13
63 23 48.9
63 26 50.4
63 30 60
63 37 34.4
63 45 8.3
63 47 66.5
63 48 82.2
63 50 86.8
63 62 20.5
63 64 25.6
63 69 77.2
63 73 82.4
63 74 22.9
63 77 59.1
63 78 25.5
63 83 40.3
63 89 4.8
63 93 64.7
63 96 92.9
64 12 74.5
64 28 48.7
64 34 40.8
64 35 22.9
64 36 85.3
64 39 97.1
64 44 37.4
64 49 38
64 52 72.2
64 56 91.5
64 60 91.8
64 66 69.5
64 67 88.3
64 72 28.9
64 77 77.2
64 83 9.6
64 85 36.5
64 86 31
64 87 51.8
64 91 53.3
64 93 92.7
64 98 64.6
65 3 75.3
65 8 5.8
65 15 45.1
65 20 82.6
65 26 10.8
65 27 11.1
65 28 62.1
65 29 91.2
65 30 16.8
65 52 37.7
65 56 94
65 62 8.5
65 64 41.3
65 69 51
65 70 22.6
65 72 37.3
65 77 41.4
65 78 37.4
65 80 35
65 87 45.7
65 88 52.2
65 91 84
65 97 59.6
65 100 13.7
66 1 91.9
66 8 60
66 10 74.6
66 15 39.7
66 16 23.8
66 20 53.4
66 21 28.9
66 23 64
66 28 2.8
66 32 76.9
66 40 49.1
66 42 98.6
66 52 51.5
66 58 48.3
66 60 18.4
66 68 79
66 77 46.5
66 79 12.1
66 80 8.9
66 81 96.2
66 82 21.3
66 84 60.4
66 85 25.7
66 88 3.1
66 96 37.8
66 99 43.9
67 1 29.9
67 5 12.3
67 6 51.3
67 8 38.8
67 13 54.9
67 14 82.4
67 22 70.3
67 25 16
67 27 84.3
67 42 30.3
67 47 89.4
67 58 84.1
67 61 21.6
67 65 38.4
67 66 0.5
67 76 47.3
67 77 22.7
67 84 64.1
67 87 12.5
67 88 0.3
67 89 56.2
67 92 18.2
67 93 14.1
67 95 52.1
67 99 52.5
67 100 67.2
68 2 3.7
68 5 52
68 8 27.3
68 13 93.1
68 18 91.3
68 22 32.5
68 23 43.5
68 28 21.1
68 29 32.5
68 30 80.5
68 34 20.4
68 35 8.8
68 67 31
68 69 35.4
68 89 46.3
68 90 9.3
68 96 16.3
68 99 46.1
69 1 53.2
69 6 17.7
69 14 90.4
69 17 67.9
69 24 40.5
69 26 70.9
69 27 82.3
69 30 37.9
69 35 45.8
69 36 6.9
69 39 62
69 40 81.6
69 42 30.7
69 45 72.2
69 53 40.8
69 66 64.6
69 67 71.6
69 72 26.7
69 76 23.8
69 78 46.9
69 79 5.7
69 80 4.9
69 83 14.5
69 88 65.7
69 95 53.1
69 98 93.1
70 1 78.1
70 3 53.1
70 15 78.6
70 16 56
70 21 88.8
70 25 65.7
70 33 56.7
70 37 86.5
70 46 33.4
70 48 22.3
70 51 69.3
70 55 64.9
70 66 31.1
70 73 26.1
70 74 39.1
70 76 95.4
70 80 53.7
70 87 60.6
70 91 45.4
70 94 42.3
70 95 72.7
71 1 32.1
71 14 57.8
71 17 10.1
71 20 77.2
71 27 98.7
71 50 90.4
71 53 29.5
71 57 83.2
71 58 8.1
71 72 63.1
71 74 14.8
71 78 95
71 85 98.8
71 86 19.3
71 88 32.8
71 90 27.9
72 26 3.7
72 27 70.8
72 42 28.8
72 43 2.8
72 45 92.3
72 47 29.7
72 48 44.5
72 52 54.6
72 60 91.5
72 61 9.5
72 67 8.2
72 74 11.9
72 77 29.2
72 78 16.3
72 80 88.9
72 84 29.4
72 85 49.4
72 100 59.9
73 12 63
73 17 4.4
73 22 10.2
73 23 46.6
73 29 43.4
73 31 61.7
73 45 96.5
73 48 38.7
73 50 61.9
73 58 16.8
73 97 87.4
74 5 39
74 13 9.2
74 17 34.8
74 24 19.5
74 25 78.4
74 32 75.3
74 41 14.2
74 43 25
74 45 60.1
74 50 25
74 57 54.5
74 58 72.4
74 59 72.9
74 62 7
74 77 4.2
74 78 27.9
74 80 87.6
74 83 22
74 87 61.6
75 7 48.4
75 9 88.9
75 27 34.4
75 33 43.5
75 41 50.1
75 48 60.4
75 56 17.2
75 64 88.1
75 71 71.1
75 80 3.1
75 98 95.1
75 100 87.4
76 6 47.6
76 7 34.1
76 14 54.1
76 16 10.3
76 17 8.1
76 23 14.7
76 30 40.5
76 34 40.6
76 49 31.6
76 56 0.6
76 65 19.6
76 68 36.6
76 75 68.1
76 77 60.4
76 80 1.5
76 88 10.6
76 92 60.1
76 99 66
76 100 99.5
77 4 27.3
77 10 25.6
77 13 15.2
77 16 72.2
77 18 6.7
77 19 37.2
77 26 34.2
77 28 88.6
77 33 75.8
77 36 34.6
77 37 72.9
77 41 22.3
77 48 55.7
77 53 98.2
77 61 79
77 71 22.1
77 73 30.1
77 81 90.8
77 91 88.3
77 94 62.4
77 95 83.7
77 98 8.9
78 2 42.5
78 3 45.9
78 8 16
78 10 33.1
78 13 99.2
78 29 62.1
78 32 97.6
78 35 6.8
78 36 40.2
78 37 96.4
78 46 44.1
78 47 22.6
78 50 20.6
78 57 66.8
78 59 16.5
78 60 13.6
78 80 18
78 81 41.7
78 84 7.6
78 91 90.1
78 94 43.9
78 95 36.5
78 98 61.6
79 6 35.3
79 7 30.6
79 11 51.9
79 22 49.8
79 46 37
79 47 46.5
79 50 86.2
79 58 68.3
79 60 9.1
79 67 53.7
79 68 65.8
79 80 15.2
79 83 46.2
79 87 91.3
79 90 99.2
79 93 82.3
79 99 6.2
79 100 84.5
80 6 62.2
80 7 61
80 8 3.8
80 15 1.7
80 19 56.3
80 23 25
80 26 39.7
80 33 65.9
80 36 7.5
80 37 8.5
80 38 21.5
80 42 74
80 62 76.2
80 63 35.4
80 73 19.7
80 77 75.5
80 82 69.7
80 84 31.2
80 87 52.6
80 93 62.9
80 95 27.3
80 98 64.8
80 100 4.3
81 4 25.7
81 6 10.1
81 13 44.6
81 14 45.1
81 26 78.2
81 28 68.4
81 31 82.1
81 35 24.7
81 40 11.6
81 50 44.1
81 51 93.7
81 63 46.7
81 64 41.6
81 79 15.5
81 80 7.8
81 85 77.1
81 90 3.9
81 97 29.4
81 98 62.1
82 1 55.4
82 11 22.9
82 12 59.2
82 25 99.3
82 31 97.9
82 32 4.7
82 39 89.2
82 42 4.3
82 43 17.7
82 49 89.4
82 50 35
82 57 18.4
82 62 94.5
82 65 49.5
82 71 96.7
82 79 3.6
82 91 98.6
82 93 37.2
82 94 17.3
82 96 53.3
83 1 71.2
83 6 15.7
83 16 29.9
83 17 73
83 26 13.8
83 29 59.3
83 31 98.3
83 36 97.6
83 42 61.8
83 58 54.7
83 62 14.4
83 65 84.1
83 75 70.8
83 81 43.9
83 82 73.8
83 88 72.9
83 93 97.5
83 96 32.7
83 98 45.3
84 2 17.1
84 3 75.1
84 8 59.8
84 17 39.2
84 19 91.1
84 24 87.8
84 26 48.9
84 28 65.7
84 31 66.7
84 34 85.8
84 39 24.1
84 63 90.2
84 70 51.1
84 71 93.8
84 75 23.6
84 82 19.2
84 83 55.3
84 90 84.1
84 91 30.6
84 93 24.2
84 98 85.5
84 99 68.2
84 100 76.5
85 3 27.9
85 9 29.2
85 12 42.2
85 21 59.3
85 24 63.1
85 44 5.7
85 50 74.9
85 51 2.2
85 56 84
85 60 29.5
85 62 90.6
85 75 97.3
85 92 78.8
85 94 65.3
85 98 23.8
86 14 84.3
86 22 46.4
86 29 28.7
86 36 59.4
86 56 46.7
86 60 26.4
86 65 3.5
86 67 34.6
86 73 45.5
86 76 30.4
86 84 79.6
86 87 79.8
86 90 73.1
86 91 81.9
86 96 23.9
87 9 25.4
87 23 49.3
87 35 37.1
87 43 68.9
87 66 68.1
87 71 56.7
87 76 41
87 78 44.2
87 81 27.4
87 88 0.7
87 89 85.1
87 97 78
88 6 46.3
88 8 72.8
88 12 37.5
88 18 94.5
88 19 80.3
88 20 32.9
88 21 33.3
88 22 75.8
88 34 0.2
88 35 20.1
88 37 16.8
88 42 58.6
88 46 41.7
88 53 32.3
88 60 68.6
88 74 54.6
88 79 58.3
88 81 89.4
88 82 36.1
88 85 58.6
88 86 62.2
88 92 85.8
89 3 72.2
89 4 15.8
89 6 90.9
89 9 93.9
89 10 38.4
89 14 43.2
89 21 57.1
89 24 29.8
89 27 85.2
89 28 86.4
89 29 54.9
89 35 92.4
89 41 11
89 44 40.3
89 46 11.9
89 53 85.9
89 59 76.6
89 70 75.8
89 71 26.3
89 79 46.7
89 88 5.2
89 93 22.3
89 98 95.8
89 100 50.3
90 8 16.7
90 11 14.5
90 14 50.6
90 21 41.4
90 22 79.1
90 24 56.5
90 27 25.2
90 30 78.7
90 48 86
90 49 88.7
90 50 11.1
90 52 26
90 55 57.5
90 59 59.6
90 63 8.5
90 72 94.8
90 76 100
90 77 64.7
90 82 83.7
90 85 42.1
90 88 25
90 89 47.9
90 98 95.9
90 100 66.2
91 1 98.8
91 4 46.7
91 11 48.8
91 12 53.4
91 15 14.7
91 19 21.9
91 21 53.5
91 22 41.6
91 28 92.4
91 32 65.2
91 44 63.5
91 45 64.9
91 47 31.4
91 53 35.8
91 56 51.5
91 66 65.4
91 67 88
91 71 75.2
91 74 85.8
91 75 41.8
91 81 71.1
91 87 38.2
91 89 8.2
91 90 84.7
91 94 35.9
91 95 51.3
91 97 0.6
91 100 28.4
92 1 38
92 8 13.7
92 20 99.6
92 24 95.7
92 28 63.3
92 35 35.9
92 48 19
92 54 58.7
92 59 31.7
92 66 52.6
92 68 11.4
92 69 89.4
92 70 1.7
92 75 68.3
92 77 80.6
92 78 86.5
92 82 27.2
92 95 96.7
92 99 34.6
93 2 79.7
93 6 48.9
93 18 62.7
93 23 0.3
93 27 30.1
93 28 71.2
93 34 56.4
93 39 87.1
93 43 64.8
93 44 43.1
93 45 90.2
93 46 49.8
93 51 31.6
93 56 58.2
93 66 65.8
93 72 51.4
93 86 79.8
93 88 84.6
93 91 49.8
93 92 64.4
94 21 76.5
94 40 55.4
94 42 1.9
94 44 79.5
94 45 71.3
94 46 94.2
94 57 84.7
94 71 43.5
94 72 70.9
94 74 57.9
94 98 47.7
95 10 35.9
95 20 81.3
95 24 27.1
95 30 40.2
95 32 66.5
95 40 79.6
95 50 3.9
95 51 74.4
95 56 97.1
95 59 24.2
95 62 71.6
95 63 64.5
95 64 65.6
95 66 40.6
95 83 60.3
95 86 37.9
95 89 44.2
95 90 75.5
95 93 29.9
96 2 28.3
96 7 9.8
96 17 67.4
96 19 71.6
96 21 87.7
96 24 55.2
96 25 91.6
96 30 40.7
96 34 90.3
96 36 38.7
96 45 60.3
96 47 56.4
96 49 20.5
96 50 75.1
96 51 50.5
96 56 76.3
96 61 72.6
96 65 89.7
96 75 65
96 76 92.7
96 81 31.4
96 84 4.5
96 87 79.4
96 89 61.8
96 91 19.3
96 95 30.4
96 98 64.7
96 99 17.3
97 6 40.4
97 7 65.2
97 11 91.9
97 28 97.2
97 36 46.4
97 39 32.5
97 40 97.1
97 43 12.2
97 53 25.2
97 55 34
97 57 26.8
97 62 94.4
97 69 6.4
97 71 55.8
97 72 40.1
97 88 91.3
97 99 86.4
98 6 77.4
98 7 21.4
98 10 63.6
98 11 91.3
98 15 37.5
98 23 98.7
98 27 25.8
98 28 7.5
98 31 46.7
98 33 28.9
98 40 52.1
98 41 64.2
98 49 85.5
98 51 67.6
98 52 12.6
98 59 81.7
98 66 3.2
98 68 96.1
98 70 5.9
98 71 65.8
98 74 48.3
98 87 55.5
98 88 99.7
98 93 50.5
98 95 70.2
99 15 65.6
99 16 94.7
99 17 36.6
99 19 99.8
99 25 29.5
99 26 74.7
99 29 24.3
99 37 66.6
99 41 0.9
99 45 73.9
99 47 30.3
99 53 37.5
99 59 2.8
99 62 49.7
99 64 27.3
99 72 94.1
99 77 26.9
99 83 65.5
99 86 21.2
99 87 84.2
99 89 13.6
99 90 12.5
99 93 16.5
99 95 68.8
100 1 2.6
100 15 20.6
100 22 45.1
100 24 82.4
100 27 52.3
100 30 95
100 33 35.7
100 40 40
100 41 16.4
100 42 47.4
100 51 58.7
100 52 40.5
100 59 46.6
100 61 50.5
100 71 36.9
100 77 35.8
100 81 86.8
100 86 13.7
100 92 7.4
100 96 58.7