1 7 94.6
2 34 11.7
2 45 59
3 48 38.9
4 12 88.1
4 40 71
6 7 53.2
6 32 98.4
8 1 7
8 11 19.5
8 44 98.9
9 3 73
10 5 22.2
11 2 9.7
11 36 2.9
11 50 46
12 16 26.4
12 37 84
14 29 80.7
15 44 68.2
16 7 52.7
16 26 65.2
17 15 99.9
17 20 37.6
17 26 65.3
18 19 15.4
19 17 90.5
19 30 21.5
21 6 0.2
21 10 79.4
23 43 38.3
25 38 50.9
26 14 68.4
27 2 68
27 6 43.2
27 18 72
27 29 70.9
28 14 77.8
29 2 95.2
30 14 80.9
31 4 87.8
31 16 63.3
33 26 94.6
33 46 2
33 50 68.9
34 12 45.9
35 16 73.8
35 19 13.2
36 27 96.9
36 28 32.6
36 31 88.7
37 11 29
37 32 26.2
38 14 75
39 15 50.7
39 29 59.9
40 17 61
40 23 4.7
41 2 12.3
41 20 40.6
42 10 89.3
42 35 94.6
43 4 43.7
43 5 98.6
43 7 37.2
43 13 3.8
44 5 17.1
44 13 32.5
44 28 74.7
45 10 66.1
45 42 32.3
46 29 39.2
46 32 5.9
46 41 1.2
46 49 33.5
47 45 65
49 7 17.4
49 41 19.7
49 47 86.3
50 29 38